14
12
11
13
11
11
13
14
10
10

11
1
6
13
2
2
11
10
11
1
7
9
3
12
10
13
6
2
3
12

8
9
2
11
11
11
10
4
1
11
4
1
13
12
10
8
12
8
6
10
9
9
9
12
8
1
11
11
11
10
11
5
8
11
1
11
11
10
10
1
9
13
3
4
11
6
3
1
1
6
3
10
3
12
13
5
9
11

4
12
4
5
5
2
6
5
3
9

6
4
3
10
6
10
9
13
3

11
12
11
12
2
3
11

9
13
8
12
8
10
11
11
11
8
6
8
4
7
11
10

2
12
8
5
10

10
10
1

5
15
12
10
9
5
1
9
2
5
11
6
2
12
13
7
5
4
12
8
9
11
7
10
1
2
11
2
7
8
12
13
9
9
10
14
11
5
1
13
2

8
11
13
11
7
11
11
13
9
12
7
11
14
10
11
13
4
11
1
13
9
9
13
11
8
7
2
13
9
10
9
9
11
3
12
7
2

7
5
5
4
10

11
8
9
12
10
3
10
1
6
10
3
2
12
9
1
13
1
10
8
10

10
7
10
1
6
4
1
11
9
12
13
7
1

12
11
13

13
3
9
7
11
6
2
4
4
3
9
4
1
5
15
13
9
6
6
12
13
3
9
10
11
1
11
12
5
3
6
6
2
9
1
11
10
12
4

12
4
1
5
8
3
3
10
2

13
9
10
10
5
5
11
